{"GameObject":{"UID":-842150451,"Name":"root","Selected":false,"Static":true,"Components":[{"Transform":{"Position":[0.0,0.0,0.0],"Rotation":[0.0,0.0,0.0,1.0],"Scale":[1.0,1.0,1.0]}}],"Children":[{"GameObject":{"UID":-842150451,"Parent ID":-842150451,"Name":"Debug Camera","Selected":false,"Static":true,"Components":[{"Transform":{"Position":[-4.155272960662842,-64.17591094970703,56.88543701171875],"Rotation":[0.06317271292209625,-0.06499606370925904,0.004122985992580652,0.995875358581543],"Scale":[1.0,0.9999997019767761,1.0]}},{"Camera":{"FovY":60.0,"Near Plane Distance":1.0,"Far Plane Distance":512.0,"Ratio":1.7777777910232545,"Reference":[0.38637369871139529,-59.72496795654297,22.23990249633789],"Is Debug":true,"Is Target":true}}],"Children":[]}},{"GameObject":{"UID":-842150451,"Parent ID":-842150451,"Name":"Game Camera","Selected":true,"Static":true,"Components":[{"Transform":{"Position":[0.0,0.0,0.0],"Rotation":[0.5847102999687195,0.0,0.0,0.8112422227859497],"Scale":[1.0,1.0,1.0]}},{"Camera":{"FovY":60.0,"Near Plane Distance":1.0,"Far Plane Distance":45.0,"Ratio":1.7777777910232545,"Reference":[0.0,5.0,0.0],"Is Debug":false,"Is Target":false}}],"Children":[]}},{"GameObject":{"UID":-642224128,"Parent ID":-842150451,"Name":"Emitter","Selected":false,"Static":true,"Components":[{"Transform":{"Position":[0.4999999403953552,15.000000953674317,0.0],"Rotation":[0.0,0.0,0.0,1.0],"Scale":[1.0,1.0,1.0]}},{"Emitter":{"Active":true,"Max Particles":1000,"Last Used Particle":223,"Bounding Box Radius":1.039230465888977,"Blend Mode":"ALPHA BLEND","One Range":false,"Has Random Speed":true,"Speed":["First Range",[-2.0,2.0,-2.0],"Second Range",[2.0,2.0,2.0]],"Gravity":true,"Initial Life":1.0,"Life Decrease":0.20000000298023225,"Has Random Color":false,"Initial Color":[666.0,666.0,666.0,666.0],"Final Color":[666.0,666.0,666.0,666.0],"Initial Particle Size":1.0,"Final Particle Size":1.0,"Spawn Shape":"CONE","Emitter Spawn Time":0.029999999329447748,"Burst Time":1.0,"Current Time":0.0,"Current Burst Time":0.700999915599823,"Total Time":0.0,"Expiration Time":0.0,"Emitter Spawn Radius":[5.0,5.0,5.0],"Texture Active":true,"Texture Path":"Library/Textures/smokesheet.dds","Transparency":0.0,"Texture Animation Speed":0.10000000149011612,"Number of Tiles":46,"Number of Rows":7,"Number of Columns":7,"Particles":[{"Particle":{"Active":false,"Speed":[0.0,0.0,0.0],"Life":0.0,"Current Life Time":0.0,"Color":[666.0,666.0,666.0,666.0],"Size":0.0,"Transparency":0.0,"Tile Index":0,"Last Tile Frame":0.0,"Need Tile Update":false,"Random Speed":[666.0,666.0,666.0],"Random Color":[666.0,666.0,666.0,666.0],"Cam Distance":-3.4028234663852887e38,"Global Matrix":[1.0,0.0,0.0,0.0,0.0,1.0,0.0,0.0,0.0,0.0,1.0,0.0,0.0,0.0,0.0,1.0],"Local Matrix":[1.0,0.0,0.0,0.0,0.0,1.0,0.0,0.0,0.0,0.0,1.0,0.0,0.0,0.0,0.0,1.0]}},{"Particle":{"Active":false,"Speed":[0.0,0.0,0.0],"Life":0.0,"Current Life Time":0.0,"Color":[666.0,666.0,666.0,666.0],"Size":0.0,"Transparency":0.0,"Tile Index":0,"Last Tile Frame":0.0,"Need Tile Update":false,"Random Speed":[666.0,666.0,666.0],"Random Color":[666.0,666.0,666.0,666.0],"Cam Distance":-3.4028234663852887e38,"Global Matrix":[1.0,0.0,0.0,0.0,0.0,1.0,0.0,0.0,0.0,0.0,1.0,0.0,0.0,0.0,0.0,1.0],"Local Matrix":[1.0,0.0,0.0,0.0,0.0,1.0,0.0,0.0,0.0,0.0,1.0,0.0,0.0,0.0,0.0,1.0]}},{"Particle":{"Active":false,"Speed":[0.0,0.0,0.0],"Life":0.0,"Current Life Time":0.0,"Color":[666.0,666.0,666.0,666.0],"Size":0.0,"Transparency":0.0,"Tile Index":0,"Last Tile Frame":0.0,"Need Tile Update":false,"Random Speed":[666.0,666.0,666.0],"Random Color":[666.0,666.0,666.0,666.0],"Cam Distance":-3.4028234663852887e38,"Global Matrix":[1.0,0.0,0.0,0.0,0.0,1.0,0.0,0.0,0.0,0.0,1.0,0.0,0.0,0.0,0.0,1.0],"Local Matrix":[1.0,0.0,0.0,0.0,0.0,1.0,0.0,0.0,0.0,0.0,1.0,0.0,0.0,0.0,0.0,1.0]}},{"Particle":{"Active":false,"Speed":[0.0,0.0,0.0],"Life":0.0,"Current Life Time":0.0,"Color":[666.0,666.0,666.0,666.0],"Size":0.0,"Transparency":0.0,"Tile Index":0,"Last Tile Frame":0.0,"Need Tile Update":false,"Random Speed":[666.0,666.0,666.0],"Random Color":[666.0,666.0,666.0,666.0],"Cam Distance":-3.4028234663852887e38,"Global Matrix":[1.0,0.0,0.0,0.0,0.0,1.0,0.0,0.0,0.0,0.0,1.0,0.0,0.0,0.0,0.0,1.0],"Local Matrix":[1.0,0.0,0.0,0.0,0.0,1.0,0.0,0.0,0.0,0.0,1.0,0.0,0.0,0.0,0.0,1.0]}},{"Particle":{"Active":false,"Speed":[0.0,0.0,0.0],"Life":0.0,"Current Life Time":0.0,"Color":[666.0,666.0,666.0,666.0],"Size":0.0,"Transparency":0.0,"Tile Index":0,"Last Tile Frame":0.0,"Need Tile Update":false,"Random Speed":[666.0,666.0,666.0],"Random Color":[666.0,666.0,666.0,666.0],"Cam Distance":-3.4028234663852887e38,"Global Matrix":[1.0,0.0,0.0,0.0,0.0,1.0,0.0,0.0,0.0,0.0,1.0,0.0,0.0,0.0,0.0,1.0],"Local Matrix":[1.0,0.0,0.0,0.0,0.0,1.0,0.0,0.0,0.0,0.0,1.0,0.0,0.0,0.0,0.0,1.0]}},{"Particle":{"Active":false,"Speed":[0.0,0.0,0.0],"Life":0.0,"Current Life Time":0.0,"Color":[666.0,666.0,666.0,666.0],"Size":0.0,"Transparency":0.0,"Tile Index":0,"Last Tile Frame":0.0,"Need Tile Update":false,"Random Speed":[666.0,666.0,666.0],"Random Color":[666.0,666.0,666.0,666.0],"Cam Distance":-3.4028234663852887e38,"Global Matrix":[1.0,0.0,0.0,0.0,0.0,1.0,0.0,0.0,0.0,0.0,1.0,0.0,0.0,0.0,0.0,1.0],"Local Matrix":[1.0,0.0,0.0,0.0,0.0,1.0,0.0,0.0,0.0,0.0,1.0,0.0,0.0,0.0,0.0,1.0]}},{"Particle":{"Active":false,"Speed":[0.0,0.0,0.0],"Life":0.0,"Current Life Time":0.0,"Color":[666.0,666.0,666.0,666.0],"Size":0.0,"Transparency":0.0,"Tile Index":0,"Last Tile Frame":0.0,"Need Tile Update":false,"Random Speed":[666.0,666.0,666.0],"Random Color":[666.0,666.0,666.0,666.0],"Cam Distance":-3.4028234663852887e38,"Global Matrix":[1.0,0.0,0.0,0.0,0.0,1.0,0.0,0.0,0.0,0.0,1.0,0.0,0.0,0.0,0.0,1.0],"Local Matrix":[1.0,0.0,0.0,0.0,0.0,1.0,0.0,0.0,0.0,0.0,1.0,0.0,0.0,0.0,0.0,1.0]}},{"Particle":{"Active":false,"Speed":[0.0,0.0,0.0],"Life":0.0,"Current Life Time":0.0,"Color":[666.0,666.0,666.0,666.0],"Size":0.0,"Transparency":0.0,"Tile Index":0,"Last Tile Frame":0.0,"Need Tile Update":false,"Random Speed":[666.0,666.0,666.0],"Random Color":[666.0,666.0,666.0,666.0],"Cam Distance":-3.4028234663852887e38,"Global Matrix":[1.0,0.0,0.0,0.0,0.0,1.0,0.0,0.0,0.0,0.0,1.0,0.0,0.0,0.0,0.0,1.0],"Local Matrix":[1.0,0.0,0.0,0.0,0.0,1.0,0.0,0.0,0.0,0.0,1.0,0.0,0.0,0.0,0.0,1.0]}},{"Particle":{"Active":false,"Speed":[0.0,0.0,0.0],"Life":0.0,"Current Life Time":0.0,"Color":[666.0,666.0,666.0,666.0],"Size":0.0,"Transparency":0.0,"Tile Index":0,"Last Tile Frame":0.0,"Need Tile Update":false,"Random Speed":[666.0,666.0,666.0],"Random Color":[666.0,666.0,666.0,666.0],"Cam Distance":-3.4028234663852887e38,"Global Matrix":[1.0,0.0,0.0,0.0,0.0,1.0,0.0,0.0,0.0,0.0,1.0,0.0,0.0,0.0,0.0,1.0],"Local Matrix":[1.0,0.0,0.0,0.0,0.0,1.0,0.0,0.0,0.0,0.0,1.0,0.0,0.0,0.0,0.0,1.0]}},{"Particle":{"Active":false,"Speed":[0.0,0.0,0.0],"Life":0.0,"Current Life Time":0.0,"Color":[666.0,666.0,666.0,666.0],"Size":0.0,"Transparency":0.0,"Tile Index":0,"Last Tile Frame":0.0,"Need Tile Update":false,"Random Speed":[666.0,666.0,666.0],"Random Color":[666.0,666.0,666.0,666.0],"Cam Distance":-3.4028234663852887e38,"Global Matrix":[1.0,0.0,0.0,0.0,0.0,1.0,0.0,0.0,0.0,0.0,1.0,0.0,0.0,0.0,0.0,1.0],"Local Matrix":[1.0,0.0,0.0,0.0,0.0,1.0,0.0,0.0,0.0,0.0,1.0,0.0,0.0,0.0,0.0,1.0]}},{"Particle":{"Active":false,"Speed":[0.0,0.0,0.0],"Life":0.0,"Current Life Time":0.0,"Color":[666.0,666.0,666.0,666.0],"Size":0.0,"Transparency":0.0,"Tile Index":0,"Last Tile Frame":0.0,"Need Tile Update":false,"Random Speed":[666.0,666.0,666.0],"Random Color":[666.0,666.0,666.0,666.0],"Cam Distance":-3.4028234663852887e38,"Global Matrix":[1.0,0.0,0.0,0.0,0.0,1.0,0.0,0.0,0.0,0.0,1.0,0.0,0.0,0.0,0.0,1.0],"Local Matrix":[1.0,0.0,0.0,0.0,0.0,1.0,0.0,0.0,0.0,0.0,1.0,0.0,0.0,0.0,0.0,1.0]}},{"Particle":{"Active":false,"Speed":[0.0,0.0,0.0],"Life":0.0,"Current Life Time":0.0,"Color":[666.0,666.0,666.0,666.0],"Size":0.0,"Transparency":0.0,"Tile Index":0,"Last Tile Frame":0.0,"Need Tile Update":false,"Random Speed":[666.0,666.0,666.0],"Random Color":[666.0,666.0,666.0,666.0],"Cam Distance":-3.4028234663852887e38,"Global Matrix":[1.0,0.0,0.0,0.0,0.0,1.0,0.0,0.0,0.0,0.0,1.0,0.0,0.0,0.0,0.0,1.0],"Local Matrix":[1.0,0.0,0.0,0.0,0.0,1.0,0.0,0.0,0.0,0.0,1.0,0.0,0.0,0.0,0.0,1.0]}},{"Particle":{"Active":false,"Speed":[0.0,0.0,0.0],"Life":0.0,"Current Life Time":0.0,"Color":[666.0,666.0,666.0,666.0],"Size":0.0,"Transparency":0.0,"Tile Index":0,"Last Tile Frame":0.0,"Need Tile Update":false,"Random Speed":[666.0,666.0,666.0],"Random Color":[666.0,666.0,666.0,666.0],"Cam Distance":-3.4028234663852887e38,"Global Matrix":[1.0,0.0,0.0,0.0,0.0,1.0,0.0,0.0,0.0,0.0,1.0,0.0,0.0,0.0,0.0,1.0],"Local Matrix":[1.0,0.0,0.0,0.0,0.0,1.0,0.0,0.0,0.0,0.0,1.0,0.0,0.0,0.0,0.0,1.0]}},{"Particle":{"Active":false,"Speed":[0.0,0.0,0.0],"Life":0.0,"Current Life Time":0.0,"Color":[666.0,666.0,666.0,666.0],"Size":0.0,"Transparency":0.0,"Tile Index":0,"Last Tile Frame":0.0,"Need Tile Update":false,"Random Speed":[666.0,666.0,666.0],"Random Color":[666.0,666.0,666.0,666.0],"Cam Distance":-3.4028234663852887e38,"Global Matrix":[1.0,0.0,0.0,0.0,0.0,1.0,0.0,0.0,0.0,0.0,1.0,0.0,0.0,0.0,0.0,1.0],"Local Matrix":[1.0,0.0,0.0,0.0,0.0,1.0,0.0,0.0,0.0,0.0,1.0,0.0,0.0,0.0,0.0,1.0]}},{"Particle":{"Active":false,"Speed":[0.0,0.0,0.0],"Life":0.0,"Current Life Time":0.0,"Color":[666.0,666.0,666.0,666.0],"Size":0.0,"Transparency":0.0,"Tile Index":0,"Last Tile Frame":0.0,"Need Tile Update":false,"Random Speed":[666.0,666.0,666.0],"Random Color":[666.0,666.0,666.0,666.0],"Cam Distance":-3.4028234663852887e38,"Global Matrix":[1.0,0.0,0.0,0.0,0.0,1.0,0.0,0.0,0.0,0.0,1.0,0.0,0.0,0.0,0.0,1.0],"Local Matrix":[1.0,0.0,0.0,0.0,0.0,1.0,0.0,0.0,0.0,0.0,1.0,0.0,0.0,0.0,0.0,1.0]}},{"Particle":{"Active":false,"Speed":[0.0,0.0,0.0],"Life":0.0,"Current Life Time":0.0,"Color":[666.0,666.0,666.0,666.0],"Size":0.0,"Transparency":0.0,"Tile Index":0,"Last Tile Frame":0.0,"Need Tile Update":false,"Random Speed":[666.0,666.0,666.0],"Random Color":[666.0,666.0,666.0,666.0],"Cam Distance":-3.4028234663852887e38,"Global Matrix":[1.0,0.0,0.0,0.0,0.0,1.0,0.0,0.0,0.0,0.0,1.0,0.0,0.0,0.0,0.0,1.0],"Local Matrix":[1.0,0.0,0.0,0.0,0.0,1.0,0.0,0.0,0.0,0.0,1.0,0.0,0.0,0.0,0.0,1.0]}},{"Particle":{"Active":false,"Speed":[0.0,0.0,0.0],"Life":0.0,"Current Life Time":0.0,"Color":[666.0,666.0,666.0,666.0],"Size":0.0,"Transparency":0.0,"Tile Index":0,"Last Tile Frame":0.0,"Need Tile Update":false,"Random Speed":[666.0,666.0,666.0],"Random Color":[666.0,666.0,666.0,666.0],"Cam Distance":-3.4028234663852887e38,"Global Matrix":[1.0,0.0,0.0,0.0,0.0,1.0,0.0,0.0,0.0,0.0,1.0,0.0,0.0,0.0,0.0,1.0],"Local Matrix":[1.0,0.0,0.0,0.0,0.0,1.0,0.0,0.0,0.0,0.0,1.0,0.0,0.0,0.0,0.0,1.0]}},{"Particle":{"Active":false,"Speed":[0.0,0.0,0.0],"Life":0.0,"Current Life Time":0.0,"Color":[666.0,666.0,666.0,666.0],"Size":0.0,"Transparency":0.0,"Tile Index":0,"Last Tile Frame":0.0,"Need Tile Update":false,"Random Speed":[666.0,666.0,666.0],"Random Color":[666.0,666.0,666.0,666.0],"Cam Distance":-3.4028234663852887e38,"Global Matrix":[1.0,0.0,0.0,0.0,0.0,1.0,0.0,0.0,0.0,0.0,1.0,0.0,0.0,0.0,0.0,1.0],"Local Matrix":[1.0,0.0,0.0,0.0,0.0,1.0,0.0,0.0,0.0,0.0,1.0,0.0,0.0,0.0,0.0,1.0]}},{"Particle":{"Active":false,"Speed":[0.0,0.0,0.0],"Life":0.0,"Current Life Time":0.0,"Color":[666.0,666.0,666.0,666.0],"Size":0.0,"Transparency":0.0,"Tile Index":0,"Last Tile Frame":0.0,"Need Tile Update":false,"Random Speed":[666.0,666.0,666.0],"Random Color":[666.0,666.0,666.0,666.0],"Cam Distance":-3.4028234663852887e38,"Global Matrix":[1.0,0.0,0.0,0.0,0.0,1.0,0.0,0.0,0.0,0.0,1.0,0.0,0.0,0.0,0.0,1.0],"Local Matrix":[1.0,0.0,0.0,0.0,0.0,1.0,0.0,0.0,0.0,0.0,1.0,0.0,0.0,0.0,0.0,1.0]}},{"Particle":{"Active":false,"Speed":[0.0,0.0,0.0],"Life":0.0,"Current Life Time":0.0,"Color":[666.0,666.0,666.0,666.0],"Size":0.0,"Transparency":0.0,"Tile Index":0,"Last Tile Frame":0.0,"Need Tile Update":false,"Random Speed":[666.0,666.0,666.0],"Random Color":[666.0,666.0,666.0,666.0],"Cam Distance":-3.4028234663852887e38,"Global Matrix":[1.0,0.0,0.0,0.0,0.0,1.0,0.0,0.0,0.0,0.0,1.0,0.0,0.0,0.0,0.0,1.0],"Local Matrix":[1.0,0.0,0.0,0.0,0.0,1.0,0.0,0.0,0.0,0.0,1.0,0.0,0.0,0.0,0.0,1.0]}},{"Particle":{"Active":false,"Speed":[0.0,0.0,0.0],"Life":0.0,"Current Life Time":0.0,"Color":[666.0,666.0,666.0,666.0],"Size":0.0,"Transparency":0.0,"Tile Index":0,"Last Tile Frame":0.0,"Need Tile Update":false,"Random Speed":[666.0,666.0,666.0],"Random Color":[666.0,666.0,666.0,666.0],"Cam Distance":-3.4028234663852887e38,"Global Matrix":[1.0,0.0,0.0,0.0,0.0,1.0,0.0,0.0,0.0,0.0,1.0,0.0,0.0,0.0,0.0,1.0],"Local Matrix":[1.0,0.0,0.0,0.0,0.0,1.0,0.0,0.0,0.0,0.0,1.0,0.0,0.0,0.0,0.0,1.0]}},{"Particle":{"Active":false,"Speed":[0.0,0.0,0.0],"Life":0.0,"Current Life Time":0.0,"Color":[666.0,666.0,666.0,666.0],"Size":0.0,"Transparency":0.0,"Tile Index":0,"Last Tile Frame":0.0,"Need Tile Update":false,"Random Speed":[666.0,666.0,666.0],"Random Color":[666.0,666.0,666.0,666.0],"Cam Distance":-3.4028234663852887e38,"Global Matrix":[1.0,0.0,0.0,0.0,0.0,1.0,0.0,0.0,0.0,0.0,1.0,0.0,0.0,0.0,0.0,1.0],"Local Matrix":[1.0,0.0,0.0,0.0,0.0,1.0,0.0,0.0,0.0,0.0,1.0,0.0,0.0,0.0,0.0,1.0]}},{"Particle":{"Active":false,"Speed":[0.0,0.0,0.0],"Life":0.0,"Current Life Time":0.0,"Color":[666.0,666.0,666.0,666.0],"Size":0.0,"Transparency":0.0,"Tile Index":0,"Last Tile Frame":0.0,"Need Tile Update":false,"Random Speed":[666.0,666.0,666.0],"Random Color":[666.0,666.0,666.0,666.0],"Cam Distance":-3.4028234663852887e38,"Global Matrix":[1.0,0.0,0.0,0.0,0.0,1.0,0.0,0.0,0.0,0.0,1.0,0.0,0.0,0.0,0.0,1.0],"Local Matrix":[1.0,0.0,0.0,0.0,0.0,1.0,0.0,0.0,0.0,0.0,1.0,0.0,0.0,0.0,0.0,1.0]}},{"Particle":{"Active":false,"Speed":[0.0,0.0,0.0],"Life":0.0,"Current Life Time":0.0,"Color":[666.0,666.0,666.0,666.0],"Size":0.0,"Transparency":0.0,"Tile Index":0,"Last Tile Frame":0.0,"Need Tile Update":false,"Random Speed":[666.0,666.0,666.0],"Random Color":[666.0,666.0,666.0,666.0],"Cam Distance":-3.4028234663852887e38,"Global Matrix":[1.0,0.0,0.0,0.0,0.0,1.0,0.0,0.0,0.0,0.0,1.0,0.0,0.0,0.0,0.0,1.0],"Local Matrix":[1.0,0.0,0.0,0.0,0.0,1.0,0.0,0.0,0.0,0.0,1.0,0.0,0.0,0.0,0.0,1.0]}},{"Particle":{"Active":false,"Speed":[0.0,0.0,0.0],"Life":0.0,"Current Life Time":0.0,"Color":[666.0,666.0,666.0,666.0],"Size":0.0,"Transparency":0.0,"Tile Index":0,"Last Tile Frame":0.0,"Need Tile Update":false,"Random Speed":[666.0,666.0,666.0],"Random Color":[666.0,666.0,666.0,666.0],"Cam Distance":-3.4028234663852887e38,"Global Matrix":[1.0,0.0,0.0,0.0,0.0,1.0,0.0,0.0,0.0,0.0,1.0,0.0,0.0,0.0,0.0,1.0],"Local Matrix":[1.0,0.0,0.0,0.0,0.0,1.0,0.0,0.0,0.0,0.0,1.0,0.0,0.0,0.0,0.0,1.0]}},{"Particle":{"Active":false,"Speed":[0.0,0.0,0.0],"Life":0.0,"Current Life Time":0.0,"Color":[666.0,666.0,666.0,666.0],"Size":0.0,"Transparency":0.0,"Tile Index":0,"Last Tile Frame":0.0,"Need Tile Update":false,"Random Speed":[666.0,666.0,666.0],"Random Color":[666.0,666.0,666.0,666.0],"Cam Distance":-3.4028234663852887e38,"Global Matrix":[1.0,0.0,0.0,0.0,0.0,1.0,0.0,0.0,0.0,0.0,1.0,0.0,0.0,0.0,0.0,1.0],"Local Matrix":[1.0,0.0,0.0,0.0,0.0,1.0,0.0,0.0,0.0,0.0,1.0,0.0,0.0,0.0,0.0,1.0]}},{"Particle":{"Active":false,"Speed":[0.0,0.0,0.0],"Life":0.0,"Current Life Time":0.0,"Color":[666.0,666.0,666.0,666.0],"Size":0.0,"Transparency":0.0,"Tile Index":0,"Last Tile Frame":0.0,"Need Tile Update":false,"Random Speed":[666.0,666.0,666.0],"Random Color":[666.0,666.0,666.0,666.0],"Cam Distance":-3.4028234663852887e38,"Global Matrix":[1.0,0.0,0.0,0.0,0.0,1.0,0.0,0.0,0.0,0.0,1.0,0.0,0.0,0.0,0.0,1.0],"Local Matrix":[1.0,0.0,0.0,0.0,0.0,1.0,0.0,0.0,0.0,0.0,1.0,0.0,0.0,0.0,0.0,1.0]}},{"Particle":{"Active":false,"Speed":[0.0,0.0,0.0],"Life":0.0,"Current Life Time":0.0,"Color":[666.0,666.0,666.0,666.0],"Size":0.0,"Transparency":0.0,"Tile Index":0,"Last Tile Frame":0.0,"Need Tile Update":false,"Random Speed":[666.0,666.0,666.0],"Random Color":[666.0,666.0,666.0,666.0],"Cam Distance":-3.4028234663852887e38,"Global Matrix":[1.0,0.0,0.0,0.0,0.0,1.0,0.0,0.0,0.0,0.0,1.0,0.0,0.0,0.0,0.0,1.0],"Local Matrix":[1.0,0.0,0.0,0.0,0.0,1.0,0.0,0.0,0.0,0.0,1.0,0.0,0.0,0.0,0.0,1.0]}},{"Particle":{"Active":false,"Speed":[0.0,0.0,0.0],"Life":0.0,"Current Life Time":0.0,"Color":[666.0,666.0,666.0,666.0],"Size":0.0,"Transparency":0.0,"Tile Index":0,"Last Tile Frame":0.0,"Need Tile Update":false,"Random Speed":[666.0,666.0,666.0],"Random Color":[666.0,666.0,666.0,666.0],"Cam Distance":-3.4028234663852887e38,"Global Matrix":[1.0,0.0,0.0,0.0,0.0,1.0,0.0,0.0,0.0,0.0,1.0,0.0,0.0,0.0,0.0,1.0],"Local Matrix":[1.0,0.0,0.0,0.0,0.0,1.0,0.0,0.0,0.0,0.0,1.0,0.0,0.0,0.0,0.0,1.0]}},{"Particle":{"Active":false,"Speed":[0.0,0.0,0.0],"Life":0.0,"Current Life Time":0.0,"Color":[666.0,666.0,666.0,666.0],"Size":0.0,"Transparency":0.0,"Tile Index":0,"Last Tile Frame":0.0,"Need Tile Update":false,"Random Speed":[666.0,666.0,666.0],"Random Color":[666.0,666.0,666.0,666.0],"Cam Distance":-3.4028234663852887e38,"Global Matrix":[1.0,0.0,0.0,0.0,0.0,1.0,0.0,0.0,0.0,0.0,1.0,0.0,0.0,0.0,0.0,1.0],"Local Matrix":[1.0,0.0,0.0,0.0,0.0,1.0,0.0,0.0,0.0,0.0,1.0,0.0,0.0,0.0,0.0,1.0]}},{"Particle":{"Active":false,"Speed":[0.0,0.0,0.0],"Life":0.0,"Current Life Time":0.0,"Color":[666.0,666.0,666.0,666.0],"Size":0.0,"Transparency":0.0,"Tile Index":0,"Last Tile Frame":0.0,"Need Tile Update":false,"Random Speed":[666.0,666.0,666.0],"Random Color":[666.0,666.0,666.0,666.0],"Cam Distance":-3.4028234663852887e38,"Global Matrix":[1.0,0.0,0.0,0.0,0.0,1.0,0.0,0.0,0.0,0.0,1.0,0.0,0.0,0.0,0.0,1.0],"Local Matrix":[1.0,0.0,0.0,0.0,0.0,1.0,0.0,0.0,0.0,0.0,1.0,0.0,0.0,0.0,0.0,1.0]}},{"Particle":{"Active":false,"Speed":[0.0,0.0,0.0],"Life":0.0,"Current Life Time":0.0,"Color":[666.0,666.0,666.0,666.0],"Size":0.0,"Transparency":0.0,"Tile Index":0,"Last Tile Frame":0.0,"Need Tile Update":false,"Random Speed":[666.0,666.0,666.0],"Random Color":[666.0,666.0,666.0,666.0],"Cam Distance":-3.4028234663852887e38,"Global Matrix":[1.0,0.0,0.0,0.0,0.0,1.0,0.0,0.0,0.0,0.0,1.0,0.0,0.0,0.0,0.0,1.0],"Local Matrix":[1.0,0.0,0.0,0.0,0.0,1.0,0.0,0.0,0.0,0.0,1.0,0.0,0.0,0.0,0.0,1.0]}},{"Particle":{"Active":false,"Speed":[0.0,0.0,0.0],"Life":0.0,"Current Life Time":0.0,"Color":[666.0,666.0,666.0,666.0],"Size":0.0,"Transparency":0.0,"Tile Index":0,"Last Tile Frame":0.0,"Need Tile Update":false,"Random Speed":[666.0,666.0,666.0],"Random Color":[666.0,666.0,666.0,666.0],"Cam Distance":-3.4028234663852887e38,"Global Matrix":[1.0,0.0,0.0,0.0,0.0,1.0,0.0,0.0,0.0,0.0,1.0,0.0,0.0,0.0,0.0,1.0],"Local Matrix":[1.0,0.0,0.0,0.0,0.0,1.0,0.0,0.0,0.0,0.0,1.0,0.0,0.0,0.0,0.0,1.0]}},{"Particle":{"Active":false,"Speed":[0.0,0.0,0.0],"Life":0.0,"Current Life Time":0.0,"Color":[666.0,666.0,666.0,666.0],"Size":1.0,"Transparency":0.0,"Tile Index":3,"Last Tile Frame":0.06599999964237213,"Need Tile Update":true,"Random Speed":[1.2574548721313477,2.0,-1.5350401401519776],"Random Color":[666.0,666.0,666.0,666.0],"Cam Distance":20.42946434020996,"Global Matrix":[0.9973690509796143,0.002539321780204773,-0.07244646549224854,6.796065330505371,-0.06877095252275467,0.3491781949996948,-0.9345293641090393,17.66642951965332,0.022923652082681657,0.9370529055595398,0.3484341502189636,-7.685945510864258,0.0,0.0,0.0,1.0],"Local Matrix":[0.9973690509796143,0.002539321780204773,-0.07244646549224854,6.296065330505371,-0.06877095252275467,0.3491781949996948,-0.9345293641090393,2.666428565979004,0.022923652082681657,0.9370529055595398,0.3484341502189636,-7.685945510864258,0.0,0.0,0.0,1.0]}},{"Particle":{"Active":false,"Speed":[0.0,0.0,0.0],"Life":0.0,"Current Life Time":0.0,"Color":[666.0,666.0,666.0,666.0],"Size":1.0,"Transparency":0.0,"Tile Index":3,"Last Tile Frame":0.05299999937415123,"Need Tile Update":true,"Random Speed":[0.7904398441314697,2.0,1.8745622634887696],"Random Color":[666.0,666.0,666.0,666.0],"Cam Distance":20.499935150146486,"Global Matrix":[0.9987186193466187,-0.007335660979151726,-0.05007317662239075,4.4640631675720219,-0.04801063984632492,0.1755509376525879,-0.9832990169525147,17.66187858581543,0.016003547236323358,0.9844430685043335,0.17497384548187257,9.400932312011719,0.0,0.0,0.0,1.0],"Local Matrix":[0.9987186193466187,-0.007335660979151726,-0.05007317662239075,3.9640631675720217,-0.04801063984632492,0.1755509376525879,-0.9832990169525147,2.6618776321411135,0.016003547236323358,0.9844430685043335,0.17497384548187257,9.400932312011719,0.0,0.0,0.0,1.0]}},{"Particle":{"Active":false,"Speed":[0.0,0.0,0.0],"Life":0.0,"Current Life Time":0.0,"Color":[666.0,666.0,666.0,666.0],"Size":1.0,"Transparency":0.0,"Tile Index":3,"Last Tile Frame":0.08699999749660492,"Need Tile Update":true,"Random Speed":[1.974457025527954,2.0,0.4595036506652832],"Random Color":[666.0,666.0,666.0,666.0],"Cam Distance":20.623977661132814,"Global Matrix":[0.9934731125831604,-0.00774364173412323,-0.11380332708358765,10.374279022216797,-0.10821296274662018,0.25151526927948,-0.9617847800254822,17.6760311126709,0.036070987582206729,0.9678223729133606,0.24903565645217896,2.2979791164398195,0.0,0.0,0.0,1.0],"Local Matrix":[0.9934731125831604,-0.00774364173412323,-0.11380332708358765,9.874279022216797,-0.10821296274662018,0.25151526927948,-0.9617847800254822,2.676030158996582,0.036070987582206729,0.9678223729133606,0.24903565645217896,2.2979791164398195,0.0,0.0,0.0,1.0]}},{"Particle":{"Active":false,"Speed":[0.0,0.0,0.0],"Life":0.0,"Current Life Time":0.0,"Color":[666.0,666.0,666.0,666.0],"Size":1.0,"Transparency":0.0,"Tile Index":3,"Last Tile Frame":0.05100000277161598,"Need Tile Update":true,"Random Speed":[1.7030601501464844,2.0,-1.2473326921463013],"Random Color":[666.0,666.0,666.0,666.0],"Cam Distance":20.80211067199707,"Global Matrix":[0.9953382015228272,0.0019685663282871248,-0.09642595052719116,9.017003059387207,-0.09149675071239472,0.3354352116584778,-0.9376096129417419,17.67795181274414,0.030498921871185304,0.9420613646507263,0.33405160903930666,-6.237910747528076,0.0,0.0,0.0,1.0],"Local Matrix":[0.9953382015228272,0.0019685663282871248,-0.09642595052719116,8.517003059387207,-0.09149675071239472,0.3354352116584778,-0.9376096129417419,2.677950859069824,0.030498921871185304,0.9420613646507263,0.33405160903930666,-6.237910747528076,0.0,0.0,0.0,1.0]}},{"Particle":{"Active":false,"Speed":[0.0,0.0,0.0],"Life":0.0,"Current Life Time":0.0,"Color":[666.0,666.0,666.0,666.0],"Size":1.0,"Transparency":0.0,"Tile Index":4,"Last Tile Frame":0.0,"Need Tile Update":true,"Random Speed":[-1.3645172119140626,2.0,1.4297523498535157],"Random Color":[666.0,666.0,666.0,666.0],"Cam Distance":20.086925506591798,"Global Matrix":[0.9974760413169861,0.008541427552700043,0.07048826664686203,-6.322582721710205,0.06736019998788834,0.20009738206863404,-0.9774577617645264,17.674970626831056,-0.02245340496301651,0.9797388315200806,0.19901704788208009,7.148769378662109,0.0,0.0,0.0,1.0],"Local Matrix":[0.9974760413169861,0.008541427552700043,0.07048826664686203,-6.822582721710205,0.06736019998788834,0.20009738206863404,-0.9774577617645264,2.6749696731567385,-0.02245340496301651,0.9797388315200806,0.19901704788208009,7.148769378662109,0.0,0.0,0.0,1.0]}},{"Particle":{"Active":false,"Speed":[0.0,0.0,0.0],"Life":0.0,"Current Life Time":0.0,"Color":[666.0,666.0,666.0,666.0],"Size":1.0,"Transparency":0.0,"Tile Index":3,"Last Tile Frame":0.09800000488758087,"Need Tile Update":true,"Random Speed":[0.7998709678649902,2.0,1.1855120658874512],"Random Color":[666.0,666.0,666.0,666.0],"Cam Distance":19.170042037963868,"Global Matrix":[0.9987226128578186,-0.005425414070487022,-0.05023695528507233,4.512146949768066,-0.047936081886291507,0.2126675248146057,-0.9759482145309448,17.657007217407228,0.015978693962097169,0.9771096706390381,0.21213579177856446,5.946521759033203,0.0,0.0,0.0,1.0],"Local Matrix":[0.9987226128578186,-0.005425414070487022,-0.05023695528507233,4.012146949768066,-0.047936081886291507,0.2126675248146057,-0.9759482145309448,2.65700626373291,0.015978693962097169,0.9771096706390381,0.21213579177856446,5.946521759033203,0.0,0.0,0.0,1.0]}},{"Particle":{"Active":false,"Speed":[0.0,0.0,0.0],"Life":0.0,"Current Life Time":0.0,"Color":[666.0,666.0,666.0,666.0],"Size":1.0,"Transparency":0.0,"Tile Index":3,"Last Tile Frame":0.049000002443790439,"Need Tile Update":true,"Random Speed":[0.9772019386291504,2.0,-1.9877830743789673],"Random Color":[666.0,666.0,666.0,666.0],"Cam Distance":20.98358917236328,"Global Matrix":[0.9983611702919006,0.0033022649586200716,-0.057132430374622348,5.400668144226074,-0.05429104343056679,0.3703538775444031,-0.9273028373718262,17.656959533691408,0.01809702068567276,0.9288848638534546,0.36992621421813967,-9.968729972839356,0.0,0.0,0.0,1.0],"Local Matrix":[0.9983611702919006,0.0033022649586200716,-0.057132430374622348,4.900668144226074,-0.05429104343056679,0.3703538775444031,-0.9273028373718262,2.65695858001709,0.01809702068567276,0.9288848638534546,0.36992621421813967,-9.968729972839356,0.0,0.0,0.0,1.0]}},{"Particle":{"Active":false,"Speed":[0.0,0.0,0.0],"Life":0.0,"Current Life Time":0.0,"Color":[666.0,666.0,666.0,666.0],"Size":1.0,"Transparency":0.0,"Tile Index":4,"Last Tile Frame":0.0,"Need Tile Update":true,"Random Speed":[-0.6990383863449097,2.0,-0.7051503658294678],"Random Color":[666.0,666.0,666.0,666.0],"Cam Distance":18.255823135375978,"Global Matrix":[0.9994688630104065,0.0002287197858095169,0.032587818801403049,-3.00567364692688,0.030916281044483186,0.30956512689590456,-0.9503755569458008,17.656028747558595,-0.010305424220860005,0.9508782625198364,0.30939364433288576,-3.5363259315490724,0.0,0.0,0.0,1.0],"Local Matrix":[0.9994688630104065,0.0002287197858095169,0.032587818801403049,-3.50567364692688,0.030916281044483186,0.30956512689590456,-0.9503755569458008,2.6560277938842775,-0.010305424220860005,0.9508782625198364,0.30939364433288576,-3.5363259315490724,0.0,0.0,0.0,1.0]}},{"Particle":{"Active":false,"Speed":[0.0,0.0,0.0],"Life":0.0,"Current Life Time":0.0,"Color":[666.0,666.0,666.0,666.0],"Size":1.0,"Transparency":0.0,"Tile Index":3,"Last Tile Frame":0.06600000709295273,"Need Tile Update":true,"Random Speed":[-1.8049277067184449,2.0,-0.9550908803939819],"Random Color":[666.0,666.0,666.0,666.0],"Cam Distance":20.193262100219728,"Global Matrix":[0.9957624673843384,-0.0005350224673748016,0.09196077287197113,-8.549901962280274,0.08724312484264374,0.3217182755470276,-0.9428074955940247,17.655994415283204,-0.029081042855978013,0.9468353390693665,0.320401668548584,-4.7888312339782719,0.0,0.0,0.0,1.0],"Local Matrix":[0.9957624673843384,-0.0005350224673748016,0.09196077287197113,-9.049901962280274,0.08724312484264374,0.3217182755470276,-0.9428074955940247,2.6559934616088869,-0.029081042855978013,0.9468353390693665,0.320401668548584,-4.7888312339782719,0.0,0.0,0.0,1.0]}},{"Particle":{"Active":false,"Speed":[0.0,0.0,0.0],"Life":0.0,"Current Life Time":0.0,"Color":[666.0,666.0,666.0,666.0],"Size":1.0,"Transparency":0.0,"Tile Index":4,"Last Tile Frame":0.0,"Need Tile Update":true,"Random Speed":[-1.5408724546432496,2.0,0.5903675556182861],"Random Color":[666.0,666.0,666.0,666.0],"Cam Distance":19.31203842163086,"Global Matrix":[0.9968217015266419,0.0059803202748298649,0.07943984866142273,-7.204365253448486,0.07557650655508042,0.24434536695480348,-0.9667386412620544,17.67310333251953,-0.02519216574728489,0.9696698784828186,0.24311679601669312,2.951838493347168,0.0,0.0,0.0,1.0],"Local Matrix":[0.9968217015266419,0.0059803202748298649,0.07943984866142273,-7.704365253448486,0.07557650655508042,0.24434536695480348,-0.9667386412620544,2.673102378845215,-0.02519216574728489,0.9696698784828186,0.24311679601669312,2.951838493347168,0.0,0.0,0.0,1.0]}},{"Particle":{"Active":false,"Speed":[0.0,0.0,0.0],"Life":0.0,"Current Life Time":0.0,"Color":[666.0,666.0,666.0,666.0],"Size":1.0,"Transparency":0.0,"Tile Index":3,"Last Tile Frame":0.09800001233816147,"Need Tile Update":true,"Random Speed":[-0.8718403577804565,2.0,-0.3837864398956299],"Random Color":[666.0,666.0,666.0,666.0],"Cam Distance":18.177885055541993,"Global Matrix":[0.9991090893745422,0.0010007135570049286,0.04219090938568115,-3.8722705841064455,0.04003706946969032,0.29366374015808108,-0.9550699591636658,17.656063079833986,-0.013345692306756974,0.9559082388877869,0.293362021446228,-1.9246889352798463,0.0,0.0,0.0,1.0],"Local Matrix":[0.9991090893745422,0.0010007135570049286,0.04219090938568115,-4.372270584106445,0.04003706946969032,0.29366374015808108,-0.9550699591636658,2.656062126159668,-0.013345692306756974,0.9559082388877869,0.293362021446228,-1.9246889352798463,0.0,0.0,0.0,1.0]}},{"Particle":{"Active":false,"Speed":[0.0,0.0,0.0],"Life":0.0,"Current Life Time":0.0,"Color":[666.0,666.0,666.0,666.0],"Size":1.0,"Transparency":0.0,"Tile Index":3,"Last Tile Frame":0.05100000277161598,"Need Tile Update":true,"Random Speed":[-1.8852884769439698,2.0,-0.7581038475036621],"Random Color":[666.0,666.0,666.0,666.0],"Cam Distance":20.160131454467775,"Global Matrix":[0.9953295588493347,0.0004156045615673065,0.09653444588184357,-8.949081420898438,0.09158146381378174,0.3121596574783325,-0.9456052184104919,17.660911560058595,-0.030527155846357347,0.9500295519828796,0.310663640499115,-3.7996089458465578,0.0,0.0,0.0,1.0],"Local Matrix":[0.9953295588493347,0.0004156045615673065,0.09653444588184357,-9.449081420898438,0.09158146381378174,0.3121596574783325,-0.9456052184104919,2.6609106063842775,-0.030527155846357347,0.9500295519828796,0.310663640499115,-3.7996089458465578,0.0,0.0,0.0,1.0]}},{"Particle":{"Active":false,"Speed":[0.0,0.0,0.0],"Life":0.0,"Current Life Time":0.0,"Color":[666.0,666.0,666.0,666.0],"Size":1.0,"Transparency":0.0,"Tile Index":4,"Last Tile Frame":0.01600000075995922,"Need Tile Update":true,"Random Speed":[1.3163936138153077,2.0,-0.2742133140563965],"Random Color":[666.0,666.0,666.0,666.0],"Cam Distance":19.082500457763673,"Global Matrix":[0.9970049858093262,-0.0022738873958587648,-0.07730402797460556,7.097780227661133,-0.07336875796318054,0.28828132152557375,-0.9547308087348938,17.659969329833986,0.024456260725855829,0.9575430750846863,0.2872511148452759,-1.3743585348129273,0.0,0.0,0.0,1.0],"Local Matrix":[0.9970049858093262,-0.0022738873958587648,-0.07730402797460556,6.597780227661133,-0.07336875796318054,0.28828132152557375,-0.9547308087348938,2.659968376159668,0.024456260725855829,0.9575430750846863,0.2872511148452759,-1.3743585348129273,0.0,0.0,0.0,1.0]}},{"Particle":{"Active":false,"Speed":[0.0,0.0,0.0],"Life":0.0,"Current Life Time":0.0,"Color":[666.0,666.0,666.0,666.0],"Size":1.0,"Transparency":0.0,"Tile Index":3,"Last Tile Frame":0.08400000631809235,"Need Tile Update":true,"Random Speed":[0.1119997501373291,2.0,-0.3123655319213867],"Random Color":[666.0,666.0,666.0,666.0],"Cam Distance":17.761198043823243,"Global Matrix":[0.9999328255653381,-0.0003186305984854698,-0.011588764376938343,1.0615705251693726,-0.010998222045600415,0.29003602266311648,-0.9569525718688965,17.660131454467775,0.003666074015200138,0.9570157527923584,0.29001301527023318,-1.5662003755569459,0.0,0.0,0.0,1.0],"Local Matrix":[0.9999328255653381,-0.0003186305984854698,-0.011588764376938343,0.5615705847740173,-0.010998222045600415,0.29003602266311648,-0.9569525718688965,2.660130500793457,0.003666074015200138,0.9570157527923584,0.29001301527023318,-1.5662003755569459,0.0,0.0,0.0,1.0]}},{"Particle":{"Active":false,"Speed":[0.0,0.0,0.0],"Life":0.0,"Current Life Time":0.0,"Color":[666.0,666.0,666.0,666.0],"Size":1.0,"Transparency":0.0,"Tile Index":4,"Last Tile Frame":0.05000000074505806,"Need Tile Update":true,"Random Speed":[-1.8993498086929322,2.0,-0.5032882690429688],"Random Color":[666.0,666.0,666.0,666.0],"Cam Distance":19.990806579589845,"Global Matrix":[0.9952126741409302,0.0017043575644493104,0.09771799296140671,-9.021440505981446,0.09271752834320069,0.29971474409103396,-0.949512779712677,17.660140991210939,-0.030905835330486299,0.9540273547172546,0.2981218695640564,-2.5229806900024416,0.0,0.0,0.0,1.0],"Local Matrix":[0.9952126741409302,0.0017043575644493104,0.09771799296140671,-9.521440505981446,0.09271752834320069,0.29971474409103396,-0.949512779712677,2.660140037536621,-0.030905835330486299,0.9540273547172546,0.2981218695640564,-2.5229806900024416,0.0,0.0,0.0,1.0]}},{"Particle":{"Active":false,"Speed":[0.0,0.0,0.0],"Life":0.0,"Current Life Time":0.0,"Color":[666.0,666.0,666.0,666.0],"Size":1.0,"Transparency":0.0,"Tile Index":3,"Last Tile Frame":0.0860000029206276,"Need Tile Update":true,"Random Speed":[0.7357325553894043,2.0,-1.7871129512786866],"Random Color":[666.0,666.0,666.0,666.0],"Cam Distance":20.242469787597658,"Global Matrix":[0.9990114569664002,0.0021107327193021776,-0.044403038918972018,4.1786580085754398,-0.042171984910964969,0.3608720302581787,-0.9316614270210266,17.67630958557129,0.01405732799321413,0.932612955570221,0.36060434579849245,-8.935574531555176,0.0,0.0,0.0,1.0],"Local Matrix":[0.9990114569664002,0.0021107327193021776,-0.044403038918972018,3.6786580085754396,-0.042171984910964969,0.3608720302581787,-0.9316614270210266,2.6763086318969728,0.01405732799321413,0.932612955570221,0.36060434579849245,-8.935574531555176,0.0,0.0,0.0,1.0]}},{"Particle":{"Active":false,"Speed":[0.0,0.0,0.0],"Life":0.0,"Current Life Time":0.0,"Color":[666.0,666.0,666.0,666.0],"Size":1.0,"Transparency":0.0,"Tile Index":3,"Last Tile Frame":0.0820000022649765,"Need Tile Update":true,"Random Speed":[0.015570878982543946,2.0,-0.14734411239624024],"Random Color":[666.0,666.0,666.0,666.0],"Cam Distance":17.684181213378908,"Global Matrix":[0.9999799728393555,-0.00022885086946189404,-0.006327471230179071,0.5780890583992004,-0.006006690673530102,0.281732439994812,-0.9594742655754089,17.659276962280275,0.002002230379730463,0.9594929814338684,0.2817254066467285,-0.7389292120933533,0.0,0.0,0.0,1.0],"Local Matrix":[0.9999799728393555,-0.00022885086946189404,-0.006327471230179071,0.07808911800384522,-0.006006690673530102,0.281732439994812,-0.9594742655754089,2.659276008605957,0.002002230379730463,0.9594929814338684,0.2817254066467285,-0.7389292120933533,0.0,0.0,0.0,1.0]}},{"Particle":{"Active":false,"Speed":[0.0,0.0,0.0],"Life":0.0,"Current Life Time":0.0,"Color":[666.0,666.0,666.0,666.0],"Size":1.0,"Transparency":0.0,"Tile Index":4,"Last Tile Frame":0.03400000184774399,"Need Tile Update":true,"Random Speed":[1.392780065536499,2.0,-1.8675212860107422],"Random Color":[666.0,666.0,666.0,666.0],"Cam Distance":21.343721389770509,"Global Matrix":[0.9968467354774475,0.004101600497961044,-0.07924531400203705,7.484804630279541,-0.07527934014797211,0.3646869659423828,-0.9280821681022644,17.65834617614746,0.025093110278248788,0.9311211705207825,0.3638457655906677,-9.36562728881836,0.0,0.0,0.0,1.0],"Local Matrix":[0.9968467354774475,0.004101600497961044,-0.07924531400203705,6.984804630279541,-0.07527934014797211,0.3646869659423828,-0.9280821681022644,2.6583452224731447,0.025093110278248788,0.9311211705207825,0.3638457655906677,-9.36562728881836,0.0,0.0,0.0,1.0]}},{"Particle":{"Active":false,"Speed":[0.0,0.0,0.0],"Life":0.0,"Current Life Time":0.0,"Color":[666.0,666.0,666.0,666.0],"Size":1.0,"Transparency":0.0,"Tile Index":4,"Last Tile Frame":0.0,"Need Tile Update":true,"Random Speed":[0.8862848281860352,2.0,0.6907129287719727],"Random Color":[666.0,666.0,666.0,666.0],"Cam Distance":18.665475845336915,"Global Matrix":[0.9984921216964722,-0.004427479580044746,-0.05471596494317055,4.946494102478027,-0.05207778513431549,0.23879790306091309,-0.969671905040741,17.661365509033204,0.017359260469675065,0.971059262752533,0.23820722103118897,3.4653067588806154,0.0,0.0,0.0,1.0],"Local Matrix":[0.9984921216964722,-0.004427479580044746,-0.05471596494317055,4.446494102478027,-0.05207778513431549,0.23879790306091309,-0.969671905040741,2.6613645553588869,0.017359260469675065,0.971059262752533,0.23820722103118897,3.4653067588806154,0.0,0.0,0.0,1.0]}},{"Particle":{"Active":false,"Speed":[0.0,0.0,0.0],"Life":0.0,"Current Life Time":0.0,"Color":[666.0,666.0,666.0,666.0],"Size":1.0,"Transparency":0.0,"Tile Index":4,"Last Tile Frame":0.03200000151991844,"Need Tile Update":true,"Random Speed":[1.0514097213745118,2.0,-0.7958849668502808],"Random Color":[666.0,666.0,666.0,666.0],"Cam Distance":19.00636863708496,"Global Matrix":[0.9525802135467529,-0.029023125767707826,-0.3029002547264099,5.7570343017578129,-0.2886725068092346,0.22859102487564088,-0.9297388792037964,17.67095947265625,0.09622420370578766,0.9730898141860962,0.2093731164932251,-3.9794225692749025,0.0,0.0,0.0,1.0],"Local Matrix":[0.9525802135467529,-0.029023125767707826,-0.3029002547264099,5.2570343017578129,-0.2886725068092346,0.22859102487564088,-0.9297388792037964,2.6709585189819338,0.09622420370578766,0.9730898141860962,0.2093731164932251,-3.9794225692749025,0.0,0.0,0.0,1.0]}},{"Particle":{"Active":false,"Speed":[0.0,0.0,0.0],"Life":0.0,"Current Life Time":0.0,"Color":[666.0,666.0,666.0,666.0],"Size":1.0,"Transparency":0.0,"Tile Index":3,"Last Tile Frame":0.09999999403953552,"Need Tile Update":true,"Random Speed":[-1.470774531364441,2.0,1.7583155632019044],"Random Color":[666.0,666.0,666.0,666.0],"Cam Distance":20.89537239074707,"Global Matrix":[0.8979146480560303,0.2934507429599762,0.3280792236328125,-6.855337142944336,0.41758158802986147,-0.33220016956329348,-0.8457357287406921,17.67196273803711,-0.1391938328742981,0.8963983654975891,-0.4208270311355591,8.79333209991455,0.0,0.0,0.0,1.0],"Local Matrix":[0.8979146480560303,0.2934507429599762,0.3280792236328125,-7.355337142944336,0.41758158802986147,-0.33220016956329348,-0.8457357287406921,2.671961784362793,-0.1391938328742981,0.8963983654975891,-0.4208270311355591,8.79333209991455,0.0,0.0,0.0,1.0]}},{"Particle":{"Active":false,"Speed":[0.0,0.0,0.0],"Life":0.0,"Current Life Time":0.0,"Color":[666.0,666.0,666.0,666.0],"Size":1.0,"Transparency":0.0,"Tile Index":4,"Last Tile Frame":0.08300000429153443,"Need Tile Update":true,"Random Speed":[-0.8957864046096802,2.0,-1.9573274850845338],"Random Color":[666.0,666.0,666.0,666.0],"Cam Distance":20.594629287719728,"Global Matrix":[0.9803715944290161,-0.035710737109184268,0.19389773905277253,-3.9932518005371095,0.1870412528514862,0.47945642471313479,-0.8574013710021973,17.65786361694336,-0.06234709918498993,0.8768388032913208,0.4767248034477234,-9.817971229553223,0.0,0.0,0.0,1.0],"Local Matrix":[0.9803715944290161,-0.035710737109184268,0.19389773905277253,-4.493251800537109,0.1870412528514862,0.47945642471313479,-0.8574013710021973,2.657862663269043,-0.06234709918498993,0.8768388032913208,0.4767248034477234,-9.817971229553223,0.0,0.0,0.0,1.0]}},{"Particle":{"Active":false,"Speed":[0.0,0.0,0.0],"Life":0.0,"Current Life Time":0.0,"Color":[666.0,666.0,666.0,666.0],"Size":1.0,"Transparency":0.0,"Tile Index":4,"Last Tile Frame":0.035999998450279239,"Need Tile Update":true,"Random Speed":[-1.629733681678772,2.0,-0.8378540277481079],"Random Color":[666.0,666.0,666.0,666.0],"Cam Distance":19.708772659301759,"Global Matrix":[0.9205209016799927,0.031668514013290408,0.38940778374671938,-7.674749374389648,0.3706442713737488,0.24440139532089234,-0.8960416913032532,17.659883499145509,-0.12354812026023865,0.969156801700592,0.21323883533477784,-4.2026753425598148,0.0,0.0,0.0,1.0],"Local Matrix":[0.9205209016799927,0.031668514013290408,0.38940778374671938,-8.174749374389649,0.3706442713737488,0.24440139532089234,-0.8960416913032532,2.6598825454711916,-0.12354812026023865,0.969156801700592,0.21323883533477784,-4.2026753425598148,0.0,0.0,0.0,1.0]}},{"Particle":{"Active":false,"Speed":[0.0,0.0,0.0],"Life":0.0,"Current Life Time":0.0,"Color":[666.0,666.0,666.0,666.0],"Size":1.0,"Transparency":0.0,"Tile Index":4,"Last Tile Frame":0.0,"Need Tile Update":true,"Random Speed":[-0.6594682931900024,2.0,0.14685654640197755],"Random Color":[666.0,666.0,666.0,666.0],"Cam Distance":17.895950317382814,"Global Matrix":[0.9858605861663818,0.05883122980594635,0.1569005399942398,-2.8078839778900148,0.15896856784820558,-0.03226625919342041,-0.9867563247680664,17.6589412689209,-0.05298951268196106,0.997746467590332,-0.04116237163543701,0.736632764339447,0.0,0.0,0.0,1.0],"Local Matrix":[0.9858605861663818,0.05883122980594635,0.1569005399942398,-3.3078839778900148,0.15896856784820558,-0.03226625919342041,-0.9867563247680664,2